layer            out_samples  out_ch        params            MACs
------------------------------------------------------------------
stem_conv               4096      64        12,288      50,331,648
stem_bn                 4096      64           256               0
res1_skip_1x1           1024     128         8,192       8,388,608
res1_conv1              4096     128       131,072     536,870,912
res1_bn1                4096     128           512               0
res1_conv2              1024     128       262,144     268,435,456
res1_bn2                1024     128           512               0
res2_skip_1x1            256     196        25,088       6,422,528
res2_conv1              1024     196       401,408     411,041,792
res2_bn1                1024     196           784               0
res2_conv2               256     196       614,656     157,351,936
res2_bn2                 256     196           784               0
res3_skip_1x1             64     256        50,176       3,211,264
res3_conv1               256     256       802,816     205,520,896
res3_bn1                 256     256         1,024               0
res3_conv2                64     256     1,048,576      67,108,864
res3_bn2                  64     256         1,024               0
res4_skip_1x1             16     320        81,920       1,310,720
res4_conv1                64     320     1,310,720      83,886,080
res4_bn1                  64     320         1,280               0
res4_conv2                16     320     1,638,400      26,214,400
res4_bn2                  16     320         1,280               0
dense                      1       6        30,726          30,720
------------------------------------------------------------------
TOTAL                                    6,425,638   1,826,125,824

Total parameters : 6,425,638 (~6.43 M)
Total MACs/infer : 1,826,125,824 (~1.83 GMAC)  -> ~3.65 GFLOP
Weights @ int8   : ~6.43 MB   @ int16: ~12.85 MB   @ fp32: ~25.70 MB
